0,1,0,131.46,4.23,0,1,50,0,0,0,0,0,1,0,0,0,0,0,0,1
0,1,0,131.46,14.1,2.333333333,1,50,0,0,0,0,0,2,0,0,0,0,0,0,1
0,1,0,131.46,41.17,1.919858156,1,48.33,-0.0334,0,0,0,0,3,1,0,0,0,0,0,1
0,1,0,131.46,51.46,0.249939276,1,50,0.034554107,0,0,0,0,4,1,0,0,0,0,0,1
0,1,0,131.46,52.27,0.015740381,1,50,0,0,0,0,0,5,1,0,0,0,0,0,1
0,1,0,131.46,52.44,0.003252344,1,50,0,0,0,0,0,6,1,0,0,0,0,0,1
0,1,0,131.46,51.6,-0.016018307,0.983981693,50,0,0,0,0,0,7,1,0,0,0,0,0,1
0,1,0,131.46,52.14,0.010465116,0.994279176,50,0,0,0,0,0,8,1,0,0,0,0,0,1
1,1,0,131.46,50.36,-0.034138857,0.960335622,50,0,0,0,0,0,9,0,0,0,0,0,0,1
0,1,0,3965.82,380.65,0,1,1000,0,0,0,0,0,1,0,0,0,0,0,0,1
0,1,0,3965.82,527.04,0.38457901,1,1000,0,0,0,0,0,2,1,0,0,0,0,0,1
0,1,0,0.24,43.16,0,1,65,0,37.5,0,0,0,1,1,0,0,0,0,0,1
0,1,0,0.24,47.9,0.109823911,1,109.68,0.687384615,30,-0.2,0,0,2,0,0,0,0,0,0,1
1,1,0,0.24,124.74,1.604175365,1,330,2.008752735,84.58,1.819333333,0,0,3,0,0,0,0,0,0,1
0,1,0,0,53.31,0,1,300,0,0,0,0,0,1,0,0,0,0,0,0,1
0,1,0,0,70.75,0.327143125,1,300,0,0,0,0,0,2,0,0,0,0,0,0,1
0,1,0,0,69.71,-0.014699647,0.985300353,300,0,0,0,0,0,3,0,0,0,0,0,0,1
0,1,0,0,58.06,-0.16712093,0.820636042,300,0,0,0,0,0,4,0,0,0,0,0,0,1
1,1,0,0,57.6,-0.007922838,0.814134276,300,0,0,0,0,0,5,0,0,0,0,0,0,1
0,1,0,0,926.59,0,1,0,0,0,0,0,0,1,0,0,0,0,0,0,1
0,1,0,249.34,216.82,0,1,1000,0,0,0,0,0,1,0,0,0,0,0,0,1
0,1,0,249.34,305.94,0.411032193,1,1000,0,0,0,0,0,2,0,0,0,0,0,0,1
0,1,0,249.34,364.02,0.189841145,1,1000,0,0,0,0,0,3,0,0,0,0,0,0,1
0,1,0,249.34,341.53,-0.06178232,0.93821768,1000,0,0,0,0,0,4,0,0,0,0,0,0,1
0,1,0,249.34,570.1,0.669253067,1,1000,0,0,0,0,0,5,1,0,0,0,0,0,1
0,1,0,249.34,485.67,-0.148096825,0.851903175,966.67,-0.03333,0,0,0,0,6,0,0,0,0,0,0,1
0,1,0,249.34,232.14,-0.522021125,0.407191721,1245.45,0.288392109,0,0,0,0,7,0,0,0,0,0,0,1
0,1,0,249.34,192.15,-0.172266736,0.337046132,1500,0.204383958,0,0,0,0,8,0,0,0,0,0,0,1
0,1,0,249.34,149.14,-0.223835545,0.261603228,1500,0,0,0,0,0,9,0,0,0,0,0,0,1
0,1,0,249.34,768.25,4.151200215,1,1246.67,-0.168886667,0,0,0,0,10,1,0,0,0,0,0,1
0,1,0,249.34,390.29,-0.491975268,0.508024732,380.65,-0.694666592,0,0,0,0,11,1,0,0,0,0,0,1
0,1,0,17650.1,339.13,0,1,2096.77,0,0,0,0,0,1,0,0,0,0,0,0,1
0,1,0,17650.1,232.1,-0.315601687,0.684398313,589.29,-0.718953438,0,0,0,0,2,0,0,0,0,0,0,1
0,1,0,17650.1,125.89,-0.457604481,0.371214578,250,-0.575760661,0,0,0,0,3,1,0,0,0,0,0,1
0,1,0,17650.1,89.41,-0.289776789,0.26364521,250,0,0,0,0,0,4,0,0,0,0,0,0,1
0,1,0,17650.1,88.57,-0.009394922,0.261168284,250,0,0,0,0,0,5,0,0,0,0,0,0,1
0,1,0,17650.1,195.93,1.212148583,0.577743048,241.67,-0.03332,0,0,0,0,6,1,0,0,0,0,0,1
0,1,0,17650.1,239.39,0.221813913,0.705894495,250,0.03446849,0,0,0,0,7,1,0,0,0,0,0,1
0,1,0,17650.1,230.61,-0.036676553,0.680004718,250,0,0,0,0,0,8,1,0,0,0,0,0,1
0,1,0,17650.1,206.21,-0.10580634,0.608055908,328.95,0.3158,0,0,0,0,9,0,0,0,0,0,0,1
0,1,0,17650.1,278.61,0.351098395,0.821543361,675.86,1.054597963,0,0,0,0,10,0,0,0,0,0,0,1
0,1,0,17650.1,404.51,0.451886149,1,800,0.183677093,0,0,0,0,11,1,0,0,0,0,0,1
0,1,0,17650.1,510.76,0.262663469,1,800,0,0,0,0,0,12,1,0,0,0,0,0,1
0,1,0,23827.44,472.6,0,1,1000,0,0,0,0,0,1,0,0,0,0,0,0,1
0,1,0,23827.44,574.71,0.216060093,1,890.32,-0.10968,0,0,0,0,2,1,0,0,0,0,0,1
0,1,0,23827.44,598.74,0.041812392,1,900,0.010872495,0,0,0,0,3,1,0,0,0,0,0,1
0,1,0,23827.44,620.75,0.03676053,1,960,0.066666667,0,0,0,0,4,1,0,0,0,0,0,1
0,1,0,0.04,326.44,0,1,626.67,0,0,0,0,0,1,1,0,0,0,0,0,1
0,1,0,0.04,404.82,0.240105379,1,600,-0.042558284,0,0,0,0,2,1,0,0,0,0,0,1
0,1,0,0.04,376.34,-0.070352255,0.929647745,512.9,-0.145166667,0,0,0,0,3,1,0,0,0,0,0,1
0,1,0,0.04,237.02,-0.370197162,0.585494788,486.67,-0.051140573,0,0,0,0,4,0,0,0,0,0,0,1
0,1,0,0.04,404.9,0.708294659,1,600,0.232868268,0,0,0,0,5,1,0,0,0,0,0,1
0,1,0,0.04,259.24,-0.359743146,0.640256854,570,-0.05,0,0,0,0,6,0,0,0,0,0,0,1
0,1,0,0.04,204.42,-0.21146428,0.504865399,300,-0.473684211,0,0,0,0,7,1,0,0,0,0,0,1
0,1,0,0.04,127.99,-0.373887095,0.316102741,146.77,-0.510766667,0,0,0,0,8,1,0,0,0,0,0,1
0,1,0,0.04,225.71,0.763497148,0.557446283,300,1.044014444,0,0,0,0,9,1,0,0,0,0,0,1
0,1,0,0.04,171.28,-0.241150148,0.423018029,300,0,0,0,0,0,10,1,0,0,0,0,0,1
1,1,0,0.04,208.37,0.216546007,0.514620894,300,0,0,0,0,0,11,1,0,0,0,0,0,1
0,1,0,3504.08,53.05,0,1,0,0,0,0,0,0,1,0,0,0,0,0,0,1
0,1,0,3504.08,58.64,0.10537229,1,0,0,0,0,0,0,2,0,0,0,0,0,0,1
0,1,0,3504.08,48.46,-0.173601637,0.826398363,0,0,0,0,0,0,3,0,0,0,0,0,0,1
0,1,0,3504.08,19.34,-0.600907965,0.329809004,0,0,0,0,0,0,4,0,0,0,0,0,0,1
1,1,0,3504.08,17.47,-0.096690796,0.297919509,0,0,0,0,0,0,5,0,0,0,0,0,0,1
0,2,0,13347.07,316.82,0,1,708.33,0,0,0,0,0,6,0,0,0,0,0,0,1
0,2,0,13278.28,220.84,-0.302948046,0.697051954,616.67,-0.129402962,0,0,0,0,7,0,0,0,0,0,0,1
0,2,0,13347.07,532.46,1.411066836,1,691.67,0.121620964,0,0,0,0,8,0,0,0,0,0,0,1
0,2,0,13313.24,509.83,-0.042500845,0.957499155,1000,0.445776165,0,0,0,0,9,0.5,0,0,0,0,0,1
0,2,0,13418.22,527.5,0.034658612,0.990684746,1000,0,0,0,0,0,10,0.5,0,0,0,0,0,1
0,2,0,13347.07,360.15,-0.317251185,0.676388837,1183.33,0.18333,0,0,0,0,11,0,0,0,0,0,0,1
0,1,0,0,29.41,0,1,150,0,0,0,0,0,1,0,0,0,0,0,0,1
0,1,0,0,182.63,5.209792588,1,220.97,0.473133333,0,0,0,0,2,1,0,0,0,0,0,1
0,1,0,0,274.79,0.504626841,1,300,0.35765036,0,0,0,0,3,1,0,0,0,0,0,1
0,1,0,0,265.46,-0.033953201,0.966046799,258.06,-0.1398,0,0,0,0,4,1,0,0,0,0,0,1
0,1,0,0,303.99,0.145144278,1,290,0.123769666,0,0,0,0,5,1,0,0,0,0,0,1
0,1,0,0,311.99,0.026316655,1,300,0.034482759,0,0,0,0,6,1,0,0,0,0,0,1
0,1,0,0,284.23,-0.088977211,0.911022789,300,0,0,0,0,0,7,0,0,0,0,0,0,1
0,1,0,0,293.16,0.031418218,0.939645501,300,0,0,0,0,0,8,1,0,0,0,0,0,1
1,1,0,0,289.7,-0.011802429,0.928555402,300,0,0,0,0,0,9,1,0,0,0,0,0,1
0,1,0,0,1084.88,0,1,1343.33,0,0,0,0,0,1,1,0,0,0,0,0,1
0,1,0,0,1291.85,0.19077686,1,1570.97,0.169459478,0,0,0,0,2,1,0,0,0,0,0,1
0,1,0,0,1023.03,-0.208089174,0.791910826,1666.67,0.060917777,0,0,0,0,3,1,0,0,0,0,0,1
0,1,0,0,958.59,-0.062989355,0.742028873,1506.45,-0.096131808,0,0,0,0,4,1,0,0,0,0,0,1
0,1,0,11455.84,387.5,0,1,405.56,0,0,0,0,0,1,1,0,0,0,0,0,1
0,1,0,11455.84,338.16,-0.127329032,0.872670968,563.33,0.389017655,0,0,0,0,2,1,0,0,0,0,0,1
0,1,0,11455.84,332.26,-0.017447362,0.857445161,425.81,-0.244119788,0,0,0,0,3,1,0,0,0,0,0,1
0,1,0,10699.71,409.99,0,1,500,0,0,0,0,0,1,1,0,0,0,0,0,1
0,1,0,10699.71,224.37,-0.45274275,0.54725725,500,0,0,0,0,0,2,0,0,0,0,0,0,1
0,1,0,24001.94,520.86,0,1,1166.67,0,0,0,100,0,1,0,0,0,0,0,0,1
0,1,0,24001.94,1611.41,2.0937488,1,2677.42,1.294924872,0,0,100,0,2,1,0,0,0,0,0,1
0,1,0,24001.94,2288.91,0.420439243,1,4200,0.568674321,0,0,100,0,3,1,0,0,0,0,0,1
0,1,0,24001.94,1952.78,-0.146851558,0.853148442,3580.65,-0.147464286,0,0,100,0,4,1,0,0,0,0,0,1
0,1,0,24001.94,2081.16,0.065742173,0.909236274,2948.33,-0.176593635,116.67,300,100,0,5,1,0,0,0,0,0,1
0,1,0,24001.94,1268.61,-0.390431298,0.554241975,3000,0.017525175,500,3.28559184,100,0,6,0,0,0,0,0,0,1
0,1,0,0,114.17,0,1,430,0,0,0,0,0,1,0,0,0,0,0,0,1
0,1,0,0,273.56,1.396076027,1,307.5,-0.284883721,0,0,0,0,2,1,0,0,0,0,0,1
0,1,0,0,206.68,-0.244480187,0.755519813,219.35,-0.286666667,0,0,0,0,3,1,0,0,0,0,0,1
1,1,0,0,7.35,-0.964437778,0.026867963,100,-0.544107591,0,0,0,0,4,0,0,0,0,0,0,1
0,1,0,38344.44,108.42,0,1,650,0,0,0,0,0,1,0,0,0,0,0,0,1
1,1,0,0,132.39,0,1,200,0,0,0,0,0,1,0,0,0,0,0,0,1
1,1,0,0,21.01,-0.841302213,0.158697787,150,-0.25,0,0,0,0,2,0,0,0,0,0,0,1